00100000000001000000000001001000 20040048 537133128
00100000000000100000000000001011 2002000b 537001995
00000000000000001101000000001100 0000d00c 53260
00100000000001000000000001101001 20040069 537133161
00000000000000001101000000001100 0000d00c 53260
00100000000001000000000000001010 2004000a 537133066
00000000000000001101000000001100 0000d00c 53260
00100000000001000000000001111011 2004007b 537133179
00100000000000100000000000000001 20020001 537001985
00000000000000001101000000001100 0000d00c 53260
00100000000001000000000000001010 2004000a 537133066
00100000000000100000000000001011 2002000b 537001995
00000000000000001101000000001100 0000d00c 53260
00100000000001001111111000111000 2004fe38 537198136
00100000000000100000000000000001 20020001 537001985
00000000000000001101000000001100 0000d00c 53260
00100000000001000000000000001010 2004000a 537133066
00100000000000100000000000001011 2002000b 537001995
00000000000000001101000000001100 0000d00c 53260
00100000000001000000000000001100 2004000c 537133068
00100000000000100000000000001001 20020009 537001993
00000000000000001101000000001100 0000d00c 53260
00000000010000000100000000100000 00404020 4210720
00100000000010010000000000101010 2009002a 537460778
10101101000010010000000000000000 ad090000 -1391919104
00100000000010010000000001100100 20090064 537460836
10101101000010010000000000000100 ad090004 -1391919100
00100000000001000000000000001000 20040008 537133064
00100000000000100000000000001001 20020009 537001993
00000000000000001101000000001100 0000d00c 53260
00000000010000000101000000100000 00405020 4214816
00100000000000100000000000001100 2002000c 537001996
00000000000000001101000000001100 0000d00c 53260
00000000010000000010000000100000 00402020 4202528
00100000000000100000000000001011 2002000b 537001995
00000000000000001101000000001100 0000d00c 53260
00100000000000100000000000000101 20020005 537001989
00000000000000001101000000001100 0000d00c 53260
00000000010000000010000000100000 00402020 4202528
00100000000000100000000000000001 20020001 537001985
00000000000000001101000000001100 0000d00c 53260
00100000000001000000000000001010 2004000a 537133066
00100000000000100000000000001011 2002000b 537001995
00000000000000001101000000001100 0000d00c 53260
00100000000000100000000000001010 2002000a 537001994
00000000000000001101000000001100 0000d00c 53260
