00010000010000000000000000010001 10400011 272629777
00100000000110110000000000000001 201b0001 538640385
00010000010110110000000000010110 105b0016 274399254
00100000000110110000000000000100 201b0004 538640388
00010000010110110000000001000001 105b0041 274399297
00100000000110110000000000000101 201b0005 538640389
00010000010110110000000001010100 105b0054 274399316
00100000000110110000000000001000 201b0008 538640392
00010000010110110000000010000001 105b0081 274399361
00100000000110110000000000001001 201b0009 538640393
00010000010110110000000010100010 105b00a2 274399394
00100000000110110000000000001010 201b000a 538640394
00010000010110110000000010101110 105b00ae 274399406
00100000000110110000000000001011 201b000b 538640395
00010000010110110000000010101101 105b00ad 274399405
00100000000110110000000000001100 201b000c 538640396
00010000010110110000000010110101 105b00b5 274399413
00000011010000000000000000001000 03400008 54525960
00111100000111010000001111111111 3c1d03ff 1008534527
00110111101111011111000000000000 37bdf000 935194624
00100000000110110000000001110000 201b0070 538640496
00111100000110100000001111111111 3c1a03ff 1008337919
00110111010110101111000000000000 375af000 928706560
10101111010110110000000000000000 af5b0000 -1352990720
00001000000000000000000011010100 080000d4 134217940
00100011101111011111111111101000 23bdffe8 599654376
10101111101010000000000000000000 afa80000 -1347944448
10101111101010010000000000000100 afa90004 -1347878908
10101111101010100000000000001000 afaa0008 -1347813368
10101111101010110000000000001100 afab000c -1347747828
10101111101011000000000000010000 afac0010 -1347682288
10101111101001000000000000010100 afa40014 -1348206572
00000000100000000100000000100000 00804020 8405024
00000001000000000100100000101010 0100482a 16795690
00010001001000000000000000000101 11200005 287309829
00100000000010100000000000101101 200a002d 537526317
00111100000010110000001111111111 3c0b03ff 1007354879
00110101011010111111111100000000 356bff00 896270080
10101101011010100000000000000000 ad6a0000 -1385562112
00000000000010000100000000100010 00084022 540706
00010001000000000000000000010001 11000011 285212689
00100000000010010000000000001010 2009000a 537460746
00000011101000000101000000100000 03a05020 60837920
00000001000010010000000000011010 0109001a 17367066
00000000000000000100000000010010 00004012 16402
00000000000000000101100000010000 00005810 22544
00100001011010110000000000110000 216b0030 560660528
00100001010010101111111111111100 214afffc 558563324
10101101010010110000000000000000 ad4b0000 -1387593728
00010101000000001111111111111001 1500fff9 352387065
00111100000010110000001111111111 3c0b03ff 1007354879
00110101011010111111111100000000 356bff00 896270080
10001101010011000000000000000000 8d4c0000 -1924399104
00110001100011000000000011111111 318c00ff 831258879
10101101011011000000000000000000 ad6c0000 -1385431040
00100001010010100000000000000100 214a0004 558497796
00010101010111011111111111111011 155dfffb 358481915
00001000000000000000000000111110 0800003e 134217790
00100000000011000000000000110000 200c0030 537657392
00111100000011010000001111111111 3c0d03ff 1007485951
00110101101011011111111100000000 35adff00 900595456
10101101101011000000000000000000 adac0000 -1381236736
10001111101001000000000000010100 8fa40014 -1885077484
10001111101011000000000000010000 8fac0010 -1884553200
10001111101010110000000000001100 8fab000c -1884618740
10001111101010100000000000001000 8faa0008 -1884684280
10001111101010010000000000000100 8fa90004 -1884749820
10001111101010000000000000000000 8fa80000 -1884815360
00100011101111010000000000011000 23bd0018 599588888
00000011010000000000000000001000 03400008 54525960
00100011101111011111111111101100 23bdffec 599654380
10101111101010000000000000000000 afa80000 -1347944448
10101111101010010000000000000100 afa90004 -1347878908
10101111101010100000000000001000 afaa0008 -1347813368
10101111101010110000000000001100 afab000c -1347747828
10101111101001000000000000010000 afa40010 -1348206576
00000000100000000100000000100000 00804020 8405024
00111100000010010000001111111111 3c0903ff 1007223807
00110101001010011111111100000000 3529ff00 891944704
10001101000010100000000000000000 8d0a0000 -1928724480
00010001010000000000000000000011 11400003 289406979
10101101001010100000000000000000 ad2a0000 -1389756416
00100001000010000000000000000100 21080004 554172420
00001000000000000000000001001111 0800004f 134217807
10001111101001000000000000010000 8fa40010 -1885077488
10001111101010110000000000001100 8fab000c -1884618740
10001111101010100000000000001000 8faa0008 -1884684280
10001111101010010000000000000100 8fa90004 -1884749820
10001111101010000000000000000000 8fa80000 -1884815360
00100011101111010000000000010100 23bd0014 599588884
00000011010000000000000000001000 03400008 54525960
00100011101111011111111111100100 23bdffe4 599654372
10101111101010000000000000000000 afa80000 -1347944448
10101111101010010000000000000100 afa90004 -1347878908
10101111101010100000000000001000 afaa0008 -1347813368
10101111101010110000000000001100 afab000c -1347747828
10101111101011000000000000010000 afac0010 -1347682288
10101111101011010000000000010100 afad0014 -1347616748
10101111101011100000000000011000 afae0018 -1347551208
00000000000000000100000000100000 00004020 16416
00000000000000000100100000100000 00004820 18464
00100000000010100000000000001010 200a000a 537526282
00111100000011100000001111111111 3c0e03ff 1007551487
00110101110011101111111100010000 35ceff10 902758160
10001101110011010000000000000000 8dcd0000 -1915944960
00010001101000001111111111111100 11a0fffc 295763964
00111100000011100000001111111111 3c0e03ff 1007551487
00110101110011101111111100010100 35ceff14 902758164
10001101110011010000000000000000 8dcd0000 -1915944960
00100000000011100000000000001010 200e000a 537788426
00010001101011100000000000001111 11ae000f 296615951
00100000000011100000000000101101 200e002d 537788461
00010101101011100000000000000010 15ae0002 363724802
00100000000010010000000000000001 20090001 537460737
00001000000000000000000001100110 08000066 134217830
00100000000011100000000000110000 200e0030 537788464
00000001101011100111000000101010 01ae702a 28209194
00010101110000001111111111110000 15c0fff0 364969968
00100000000011100000000000111010 200e003a 537788474
00000001101011100111000000101010 01ae702a 28209194
00010001110000001111111111101101 11c0ffed 297861101
00100001101011011111111111010000 21adffd0 565051344
00000001000010100000000000011000 010a0018 17432600
00000000000000000100000000010010 00004012 16402
00000001000011010100000000100000 010d4020 17645600
00001000000000000000000001100110 08000066 134217830
00010001001000000000000000000001 11200001 287309825
00000000000010000100000000100010 00084022 540706
00000001000000000001000000100000 01001020 16781344
10001111101011100000000000011000 8fae0018 -1884422120
10001111101011010000000000010100 8fad0014 -1884487660
10001111101011000000000000010000 8fac0010 -1884553200
10001111101010110000000000001100 8fab000c -1884618740
10001111101010100000000000001000 8faa0008 -1884684280
10001111101010010000000000000100 8fa90004 -1884749820
10001111101010000000000000000000 8fa80000 -1884815360
00100011101111010000000000011100 23bd001c 599588892
00000011010000000000000000001000 03400008 54525960
00100011101111011111111111100100 23bdffe4 599654372
10101111101010000000000000000000 afa80000 -1347944448
10101111101010010000000000000100 afa90004 -1347878908
10101111101010100000000000001000 afaa0008 -1347813368
10101111101010110000000000001100 afab000c -1347747828
10101111101011000000000000010000 afac0010 -1347682288
10101111101011010000000000010100 afad0014 -1347616748
10101111101001000000000000011000 afa40018 -1348206568
00100000000010110000000000000000 200b0000 537591808
10001101011011000000000000000000 8d6c0000 -1922301952
00000001100000000001000000100000 01801020 25169952
00111100000010000000001111111111 3c0803ff 1007158271
00110101000010001111111100010000 3508ff10 889782032
10001101000010010000000000000000 8d090000 -1928790016
00010001001000001111111111111100 1120fffc 287375356
00111100000010000000001111111111 3c0803ff 1007158271
00110101000010001111111100010100 3508ff14 889782036
10001101000010100000000000000000 8d0a0000 -1928724480
00100000000010010000000000001010 2009000a 537460746
00010001010010010000000000000011 11490003 289996803
10101101100010100000000000000000 ad8a0000 -1383464960
00100001100011000000000000000100 218c0004 562823172
00001000000000000000000010010101 08000095 134217877
10101101100000000000000000000000 ad800000 -1384120320
00100001100011000000000000000100 218c0004 562823172
10101101011011000000000000000000 ad6c0000 -1385431040
10001111101001000000000000011000 8fa40018 -1885077480
10001111101011010000000000010100 8fad0014 -1884487660
10001111101011000000000000010000 8fac0010 -1884553200
10001111101010110000000000001100 8fab000c -1884618740
10001111101010100000000000001000 8faa0008 -1884684280
10001111101010010000000000000100 8fa90004 -1884749820
10001111101010000000000000000000 8fa80000 -1884815360
00100011101111010000000000011100 23bd001c 599588892
00000011010000000000000000001000 03400008 54525960
00100011101111011111111111110100 23bdfff4 599654388
10101111101010000000000000000000 afa80000 -1347944448
10101111101010010000000000000100 afa90004 -1347878908
10101111101001000000000000001000 afa40008 -1348206584
00100000000010000000000000000000 20080000 537395200
10001101000010010000000000000000 8d090000 -1928790016
00000001001000000001000000100000 01201020 18878496
00000001001001000100100000100000 01244820 19154976
10101101000010010000000000000000 ad090000 -1391919104
10001111101001000000000000001000 8fa40008 -1885077496
10001111101010010000000000000100 8fa90004 -1884749820
10001111101010000000000000000000 8fa80000 -1884815360
00100011101111010000000000001100 23bd000c 599588876
00000011010000000000000000001000 03400008 54525960
00001000000000000000000010111011 080000bb 134217915
00100011101111011111111111111000 23bdfff8 599654392
10101111101010000000000000000000 afa80000 -1347944448
10101111101001000000000000000100 afa40004 -1348206588
00111100000010000000001111111111 3c0803ff 1007158271
00110101000010001111111100000000 3508ff00 889782016
10101101000001000000000000000000 ad040000 -1392246784
10001111101001000000000000000100 8fa40004 -1885077500
10001111101010000000000000000000 8fa80000 -1884815360
00100011101111010000000000001000 23bd0008 599588872
00000011010000000000000000001000 03400008 54525960
00100011101111011111111111111000 23bdfff8 599654392
10101111101010000000000000000000 afa80000 -1347944448
10101111101010010000000000000100 afa90004 -1347878908
00111100000010100000001111111111 3c0a03ff 1007289343
00110101010010101111111100010000 354aff10 894107408
10001101010010010000000000000000 8d490000 -1924595712
00010001001000001111111111111100 1120fffc 287375356
00111100000010100000001111111111 3c0a03ff 1007289343
00110101010010101111111100010100 354aff14 894107412
10001101010000100000000000000000 8d420000 -1925054464
10001111101010010000000000000100 8fa90004 -1884749820
10001111101010000000000000000000 8fa80000 -1884815360
00100011101111010000000000001000 23bd0008 599588872
00000011010000000000000000001000 03400008 54525960
00100000000001000000000000000100 20040004 537133060
00100000000000100000000000000100 20020004 537001988
00000000000000001101000000001100 0000d00c 53260
00100000000000100000000000001000 20020008 537001992
00000000000000001101000000001100 0000d00c 53260
00000000010000001000000000100000 00408020 4227104
00100000000001000000000001000000 20040040 537133120
00100000000000100000000000000100 20020004 537001988
00000000000000001101000000001100 0000d00c 53260
00000010000000000010000000100000 02002020 33562656
00100000000000100000000000000100 20020004 537001988
00000000000000001101000000001100 0000d00c 53260
00100000000000100000000000001011 2002000b 537001995
00100000000001000000000000001010 2004000a 537133066
00000000000000001101000000001100 0000d00c 53260
00100000000000100000000000001010 2002000a 537001994
00000000000000001101000000001100 0000d00c 53260
