00000000000000000000000000000000 00000000 0
00000000000000000000000001000101 00000045 69
00000000000000000000000001101110 0000006e 110
00000000000000000000000001110100 00000074 116
00000000000000000000000001100101 00000065 101
00000000000000000000000001110010 00000072 114
00000000000000000000000000100000 00000020 32
00000000000000000000000001100001 00000061 97
00000000000000000000000000100000 00000020 32
00000000000000000000000001101100 0000006c 108
00000000000000000000000001101001 00000069 105
00000000000000000000000001101110 0000006e 110
00000000000000000000000001100101 00000065 101
00000000000000000000000000111010 0000003a 58
00000000000000000000000000100000 00000020 32
00000000000000000000000000000000 00000000 0
00000000000000000000000001011001 00000059 89
00000000000000000000000001101111 0000006f 111
00000000000000000000000001110101 00000075 117
00000000000000000000000000100000 00000020 32
00000000000000000000000001110100 00000074 116
00000000000000000000000001111001 00000079 121
00000000000000000000000001110000 00000070 112
00000000000000000000000001100101 00000065 101
00000000000000000000000001100100 00000064 100
00000000000000000000000000111010 0000003a 58
00000000000000000000000000100000 00000020 32
00000000000000000000000000000000 00000000 0
