00000000000000000000000000000000 00000000 0
00000000000000000000000001001000 00000048 72
00000000000000000000000001100101 00000065 101
00000000000000000000000001101100 0000006c 108
00000000000000000000000001101100 0000006c 108
00000000000000000000000001101111 0000006f 111
00000000000000000000000000100000 00000020 32
00000000000000000000000001100110 00000066 102
00000000000000000000000001110010 00000072 114
00000000000000000000000001101111 0000006f 111
00000000000000000000000001101101 0000006d 109
00000000000000000000000000100000 00000020 32
00000000000000000000000001110011 00000073 115
00000000000000000000000001110100 00000074 116
00000000000000000000000001100001 00000061 97
00000000000000000000000001110100 00000074 116
00000000000000000000000001101001 00000069 105
00000000000000000000000001100011 00000063 99
00000000000000000000000000100000 00000020 32
00000000000000000000000000101110 0000002e 46
00000000000000000000000001100001 00000061 97
00000000000000000000000001110011 00000073 115
00000000000000000000000001100011 00000063 99
00000000000000000000000001101001 00000069 105
00000000000000000000000001101001 00000069 105
00000000000000000000000001111010 0000007a 122
00000000000000000000000000100001 00000021 33
00000000000000000000000000000000 00000000 0
00000000000000000000000000001010 0000000a 10
